289 47
136 260
23 423
751 564
1173 46
434 381
622 363
1029 397
156 287
1143 443
665 156
295 567
709 82
896 127
364 186
499 443
200 528
588 30
714 254
850 349
498 193
1162 202
429 600
400 250
698 407
925 542
196 7
1068 349
145 494
793 310
133 242
713 594
510 524
887 323
981 116
670 133
728 166
1052 519
930 431
557 195
140 475
7 505
1024 318
773 204
96 257
354 181
721 366
632 448
393 443
462 484
341 220
687 101
557 349
501 462
856 20
232 183
692 391
499 177
724 520
888 72
76 553
952 18
977 497
1153 552
352 256
1105 104
203 58
548 314
112 242
770 83
161 526
366 544
51 44
165 442
404 52
366 443
545 492
11 308
983 462
17 193
1180 559
963 116
673 377
246 333
911 126
229 595
289 472
1151 270
529 514
1167 40
733 406
342 216
994 136
928 195
83 583
877 399
377 312
674 251
853 540
29 420
121 342
293 288
1197 38
731 481
347 225
55 505
861 418
880 10
74 559
1138 570
580 281
761 504
1065 472
862 131
204 363
713 342
278 491
773 423
129 268
536 94
1074 64
583 63
453 139
597 13
100 545
521 84
142 59
206 529
462 374
60 347
420 422
1094 182
226 164
1068 261
134 505
77 496
167 440
633 377
712 313
403 205
1016 504
220 168
536 280
728 261
771 384
561 82
919 423
905 345
816 363
363 195
509 210
57 528
884 137
133 174
780 452
636 122
1017 388
317 246
39 120
61 137
141 466
213 270
782 11
851 464
242 189
403 519
317 536
799 516
493 490
176 70
784 459
805 143
902 520
745 279
617 20
449 467
399 569
827 108
191 235
248 283
954 60
15 259
188 408
1036 133
770 286
780 57
1023 458
462 160
928 429
370 461
297 344
232 221
1078 70
847 387
629 66
696 418
1017 243
336 24
700 244
1051 394
536 241
510 186
835 420
842 358
1162 275
1101 494
916 417
148 275
140 418
462 116
1073 395
131 522
1061 189
460 10
1048 5
747 172
1070 68
265 128
613 351
740 583
826 298
565 384
449 59
21 338
1084 132
910 2
341 47
316 400
620 363
479 314
235 95
149 593
488 559
1015 231
1096 598
911 505
834 200
935 223
681 423
660 84
699 303
1046 297
374 244
953 391
817 418
772 416
1175 146
809 33
206 130
495 191
249 584
457 360
568 306
920 521
752 52
665 583
825 479
114 67
453 481
102 30
344 143
713 71
1046 344
538 315
732 206
371 25
1161 251
587 387
443 521
336 442
452 101
261 578
738 33
532 61
23 445
1144 439
1156 31
1083 274
738 325
868 19
1100 222
407 285
450 376
744 31
552 291
206 43
206 502
397 173
942 409
924 512
1199 418
688 478
203 472
483 251
989 33
819 457
1139 380
680 37
680 9
791 565
491 498
1039 399
126 154
18 301
811 391
124 447
274 216
967 587
1098 516
1108 160
533 174
968 228
818 6
144 487
924 548
353 439
548 508
1156 167
435 230
393 440
129 236
187 17
845 445
734 203
606 550
258 101
650 260
212 216
854 517
117 533
280 273
1099 51
725 486
550 365
989 318
1188 504
487 131
483 111
494 120
611 525
18 167
1033 484
784 65
1072 134
689 173
1195 284
904 547
610 180
28 306
153 508
544 386
738 185
268 543
26 509
790 30
761 463
960 387
1053 345
333 453
176 28
788 433
241 65
275 530
396 574
868 390
629 82
784 131
401 210
1175 163
925 419
1188 273
1171 451
669 528
947 456
1108 325
127 502
559 241
602 108
281 599
423 483
106 256
1009 547
904 375
832 359
387 108
1157 74
1042 70
154 71
973 44
660 242
1120 325
348 164
932 253
324 38
204 472
1095 468
25 36
1124 176
206 445
408 556
755 459
803 570
43 95
102 253
973 30
54 476
840 207
195 420
1151 3
21 230
960 92
514 137
652 202
668 283
698 590
986 15
376 349
211 96
436 556
714 435
689 18
345 64
1043 153
890 60
638 128
913 146
986 218
366 139
588 119
119 367
1110 517
811 377
475 324
749 471
374 127
257 257
97 311
851 347
805 284
266 380
1101 185
971 114
121 392
290 59
1111 225
606 564
1071 256
394 319
293 171
692 17
427 113
454 238
153 467
316 302
516 470
561 549
486 231
19 118
358 207
541 320
686 271
574 176
1088 395
1144 362
925 223
1134 493
787 22
797 92
506 251
164 451
412 598
1162 408
476 118
665 490
505 224
23 332
51 48
475 519
975 206
561 142
238 443
322 359
319 203
599 392
980 406
459 252
596 328
688 506
96 321
72 8
1020 129
205 362
1022 69
173 404
172 582
633 91
1065 318
815 85
556 138
301 190
25 53
442 320
616 20
772 321
207 163
237 575
736 334
535 181
1042 91
224 3
1197 535
989 161
593 475
118 374
484 392
1117 117
747 564
1188 290
652 306
587 491
463 586
1013 270
427 197
682 376
998 187
316 280
767 324
261 583
547 131
1191 431
727 234
591 527
628 491
625 492
589 26
848 454
189 460
165 224
647 159
903 303
229 580
711 543
833 188
427 113
838 154
361 512
741 450
155 599
1149 174
871 82
475 19
664 262
710 182
1100 443
203 581
1124 268
801 416
1152 265
489 126
62 491
1123 536
484 72
485 153
753 179
241 148
176 199
269 452
991 356
267 487
790 444
983 395
928 373
621 349
653 28
1033 276
374 286
935 12
240 544
405 541
1112 510
629 167
277 597
1041 475
835 447
424 225
456 554
206 19
369 433
779 360
1005 156
104 405
733 161
772 188
1063 539
1149 322
278 95
704 358
728 264
317 332
148 46
48 118
807 482
484 12
1107 449
952 70
649 2
1091 200
671 162
1148 436
318 510
607 119
1127 281
1140 61
1140 29
955 398
53 111
1179 1
36 356
152 496
777 344
142 300
222 528
670 552
291 334
1086 288
729 240
127 166
704 213
1112 148
672 251
966 453
996 234
880 185
129 545
425 291
856 296
516 400
560 598
48 367
418 577
241 39
931 598
255 515
312 405
1022 571
194 141
478 76
1077 442
879 3
1036 571
1028 343
134 195
384 103
801 483
838 382
1092 344
679 432
1059 100
1181 591
149 401
320 48
195 510
496 294
894 102
365 564
816 7
421 266
1070 326
846 444
492 14
190 591
240 299
695 124
1125 155
907 170
1138 542
463 511
1131 90
596 69
810 341
167 141
1173 196
601 353
531 561
527 66
1200 501
50 397
355 528
435 476
778 191
317 141
1200 294
258 562
176 83
1014 76
1176 435
341 46
267 79
983 92
569 476
242 85
195 372
494 209
704 573
645 473
447 9
531 429
1138 423
809 115
617 351
252 256
990 55
120 417
37 202
135 436
613 532
85 541
1191 48
437 265
1007 521
129 480
1020 240
357 90
1184 530
1167 472
697 108
280 423
895 226
361 450
6 77
419 579
499 584
871 309
960 506
968 178
277 318
1154 17
1154 81
653 249
350 557
416 343
375 551
583 131
899 432
868 449
1041 521
327 124
139 366
807 169
164 495
441 599
662 563
942 396
720 513
597 409
833 67
1063 561
1155 462
21 208
724 126
602 307
1062 507
626 177
1187 187
226 472
551 53
585 201
475 346
392 600
854 514
1014 212
994 523
469 25
1192 213
1137 530
181 251
88 397
1024 532
582 570
136 281
1164 177
658 314
455 505
86 441
477 14
67 1
104 7
1044 573
107 265
284 38
174 430
267 317
822 318
482 344
963 570
1022 435
1158 271
236 483
750 323
561 554
323 466
1026 65
1001 370
509 165
1084 143
385 537
985 433
590 241
703 445
396 394
224 38
854 251
875 91
95 590
806 299
895 81
961 80
1174 361
206 105
1028 20
1053 459
778 542
484 201
741 591
619 434
825 205
909 335
423 347
1046 362
50 359
656 437
725 414
722 411
832 582
572 101
65 310
761 94
912 195
852 363
424 22
506 37
939 63
199 60
741 175
246 268
841 313
1107 243
594 79
1028 20
37 264
507 24
1001 547
207 561
978 410
940 180
1066 328
171 363
117 396
970 453
51 520
284 169
542 491
165 360
734 577
177 451
397 413
1181 187
67 195
57 576
1141 119
529 483
96 155
9 277
808 270
758 507
785 170
955 59
617 325
807 557
691 523
485 576
34 243
117 255
16 479
246 330
275 576
622 190
403 3
588 141
30 25
1166 271
583 513
879 38
268 206
265 171
476 193
621 424
494 64
185 401
75 400
648 360
849 590
601 220
240 425
59 14
149 453
137 504
957 387
397 458
532 302
1056 101
412 74
470 218
688 303
347 433
405 95
1168 321
647 297
944 253
570 598
667 58
230 318
913 63
163 152
934 415
1163 578
117 143
1130 504
516 207
40 411
527 368
367 523
1170 217
88 352
555 128
1195 392
556 357
1029 356
449 219
325 582
146 426
868 527
751 164
609 378
1051 463
341 351
218 41
113 536
816 263
849 39
533 549
604 487
165 200
847 286
702 53
581 355
674 538
233 201
42 347
817 110
26 106
1148 298
523 71
877 320
242 401
856 498
272 222
888 387
867 332
1096 301
88 597
761 559
30 366
899 341
299 415
905 38
406 566
531 90
994 93
1103 33
215 15
29 165
440 8
280 197
596 294
497 144
69 128
1199 355
1087 187
760 150
1117 526
1171 282
515 215
738 379
1006 259
636 335
221 368
115 434
691 593
150 190
157 491
395 162
790 309
423 360
1182 324
37 527
970 419
909 353
793 338
635 132
