458 323
580 572
100 354
203 564
905 480
111 330
118 523
87 360
148 577
1101 133
1197 586
423 395
120 105
994 130
639 422
828 417
320 263
968 372
668 27
102 500
109 28
392 478
374 211
227 478
760 408
133 478
57 255
127 560
904 341
246 240
522 404
913 278
162 543
876 165
184 532
159 502
705 380
34 566
617 60
144 418
396 359
634 419
682 497
478 442
692 549
60 273
264 381
436 386
927 483
1132 166
364 119
1189 346
140 495
487 182
810 297
548 208
864 503
575 106
7 157
579 147
728 103
778 34
1100 186
1127 143
895 235
880 512
720 505
160 133
160 414
1153 147
102 451
1167 350
75 543
275 338
415 85
114 160
262 379
1066 234
263 21
306 546
126 537
1037 329
904 549
384 174
123 466
146 555
562 341
802 576
118 577
1036 377
176 137
84 459
661 158
343 450
670 243
800 419
608 180
118 526
1020 543
447 387
380 194
699 170
848 78
840 317
230 44
351 451
859 448
905 354
908 76
337 250
1095 285
911 494
168 285
221 503
780 483
477 482
909 117
198 391
661 13
861 140
9 577
517 551
406 517
1187 126
402 112
979 377
470 122
981 478
981 399
723 450
791 586
393 386
586 430
207 535
506 294
130 330
225 362
859 123
181 145
704 323
102 216
617 414
435 235
26 32
67 24
390 7
255 332
322 143
697 219
1038 392
673 71
899 380
510 108
818 539
224 172
228 155
997 115
647 11
492 279
1200 23
1149 224
205 27
192 514
1193 305
675 494
579 349
162 375
1062 415
965 491
31 522
967 409
360 373
672 312
904 498
844 381
146 532
14 297
856 587
538 118
204 582
900 500
27 221
474 230
347 105
475 503
368 193
899 240
1073 427
86 229
1087 233
128 437
318 209
802 64
487 66
115 419
479 535
57 466
963 119
802 9
307 448
359 363
585 580
591 197
256 510
1006 424
768 408
1050 130
1111 306
805 266
690 396
104 383
895 438
617 435
50 57
700 86
190 567
155 2
490 68
1180 242
22 593
1109 442
767 94
401 130
22 421
930 590
233 517
1030 7
1156 237
36 55
32 70
1143 598
73 348
509 556
512 221
1050 149
1048 179
1180 524
663 27
198 532
301 591
597 240
195 87
419 233
908 350
519 261
1199 352
1176 225
50 380
649 568
719 454
1061 526
70 158
1173 28
440 408
1195 98
406 576
732 489
700 384
538 451
324 170
90 4
213 418
411 109
32 168
460 258
383 145
598 347
915 17
848 277
299 87
407 10
423 191
1145 419
629 394
419 399
107 234
723 475
45 259
180 515
926 585
367 370
386 429
1155 331
820 586
522 175
233 99
78 74
302 63
1065 546
532 531
577 105
551 92
942 139
829 495
147 599
743 337
877 175
18 310
1192 199
1084 478
866 451
340 361
514 246
116 12
603 373
420 357
1134 10
759 469
24 162
652 133
471 550
904 254
541 165
492 58
278 296
345 39
1040 434
591 131
1025 546
1199 469
142 79
1024 61
415 540
114 158
270 243
553 137
647 545
904 358
711 266
1016 253
1081 285
270 248
272 291
853 51
954 126
629 373
136 453
930 152
814 363
222 391
1085 56
1078 485
361 236
524 263
260 37
217 20
755 257
1010 332
842 299
575 81
315 307
376 592
435 45
161 75
1060 480
493 184
497 499
80 581
1048 449
628 478
526 64
107 446
591 140
1199 255
529 259
1081 469
1057 147
1141 207
483 205
505 537
1051 126
626 510
1138 150
936 174
425 82
1129 590
383 502
652 533
1089 464
966 192
283 63
913 259
347 572
782 188
888 440
786 38
879 377
495 18
857 519
1182 3
320 185
267 133
765 402
186 290
748 410
955 236
777 20
922 119
909 280
221 532
188 43
340 444
322 578
854 353
341 527
1157 331
118 306
462 438
508 127
244 531
586 208
971 214
378 160
282 324
33 600
204 356
343 557
813 15
1082 480
462 211
205 8
64 419
120 353
944 345
651 102
1032 260
869 493
131 554
15 337
681 364
623 74
1146 47
810 375
75 194
773 172
704 352
748 82
497 430
1150 1
642 20
529 356
816 432
1052 333
531 59
789 64
322 486
406 294
572 200
695 112
1140 178
752 69
58 511
622 588
821 174
36 61
860 101
640 521
530 135
118 186
128 292
457 480
878 305
934 51
527 402
82 219
836 11
1119 317
583 54
614 581
408 495
617 21
673 474
354 411
599 4
663 138
489 430
1017 277
974 136
1184 522
895 50
776 279
1036 112
571 3
793 380
189 496
692 28
642 587
975 421
846 514
1109 53
69 470
490 219
945 444
648 228
459 223
664 148
482 503
734 307
438 589
516 266
430 287
766 78
862 245
828 538
1133 533
946 293
398 507
756 455
822 564
681 288
945 342
441 351
1129 436
426 372
1008 187
42 103
918 575
60 19
77 193
407 589
479 571
685 587
724 525
123 537
1045 179
126 403
764 409
388 359
161 85
707 312
951 58
739 354
446 101
1189 181
757 416
1006 476
858 564
207 124
767 77
437 338
532 84
997 145
396 354
925 273
909 456
861 462
891 123
227 592
1200 295
615 504
137 404
470 564
773 26
685 455
1116 140
918 37
551 339
652 189
1197 44
918 556
634 368
689 284
1169 394
1048 202
276 558
1123 551
153 288
34 121
754 544
134 248
662 517
588 163
408 126
576 290
197 247
1115 299
790 524
773 390
468 552
926 551
118 192
606 342
1062 577
676 16
676 98
852 551
281 265
3 459
669 259
142 528
171 220
49 499
203 526
61 217
641 534
999 216
520 437
1169 451
196 596
898 561
25 255
396 389
1118 163
306 83
1146 548
523 106
95 291
963 429
319 169
923 205
655 24
248 310
785 235
585 280
543 535
266 3
115 275
1000 208
416 379
465 94
1163 402
220 110
68 436
262 366
831 531
776 563
661 586
1084 511
881 300
902 147
742 185
1126 228
757 322
1101 242
261 451
316 239
833 409
126 263
770 12
536 354
925 548
448 83
46 469
451 389
474 110
906 494
710 429
261 429
106 308
986 569
778 23
710 484
710 428
535 458
845 224
510 203
176 205
58 539
734 377
703 102
301 564
554 307
356 464
655 142
204 105
392 552
385 249
226 232
636 122
976 331
796 469
1154 93
1032 116
51 176
1170 233
490 560
193 354
336 145
929 237
937 300
1162 416
750 347
423 540
56 53
374 252
803 350
1110 235
630 451
1095 530
107 116
318 541
464 375
101 269
434 196
38 297
229 178
465 414
589 264
826 172
570 402
198 507
33 221
1052 216
1154 357
26 324
126 50
606 240
734 543
996 545
701 220
463 449
885 538
355 528
307 588
792 254
620 387
89 236
382 331
470 16
661 536
308 284
849 72
633 313
7 399
682 403
334 428
591 233
1138 126
1180 517
366 326
837 517
682 334
21 534
1083 14
905 319
273 392
654 521
407 181
1178 255
544 563
895 286
931 180
580 531
476 17
200 400
948 348
270 409
191 24
582 450
470 464
705 106
1035 127
297 168
580 341
797 573
658 70
887 405
340 321
152 78
778 302
205 399
349 495
200 537
1008 438
879 315
350 353
1197 589
215 255
1183 175
7 257
624 17
3 33
38 596
1077 299
248 184
84 285
1031 571
678 542
539 240
360 470
1119 327
607 293
74 550
801 568
680 422
222 596
406 283
361 338
312 75
634 276
1098 416
354 30
1170 419
266 282
94 160
661 541
817 479
969 106
607 443
386 289
738 549
183 151
986 325
4 481
695 286
655 44
701 550
38 417
1081 423
1152 199
134 523
510 218
978 131
687 5
296 552
44 345
43 170
1055 102
881 192
1135 430
7 592
890 593
125 138
480 463
489 335
1175 508
1069 475
55 69
53 145
472 14
991 341
802 359
484 88
1189 438
652 449
290 279
532 47
234 556
574 304
377 432
222 129
668 483
725 334
885 412
771 145
1051 109
1079 187
985 161
376 52
763 44
331 377
146 509
613 428
31 200
608 402
81 298
571 405
873 291
493 475
795 211
110 369
186 403
622 246
317 165
836 120
876 47
610 401
18 288
280 198
885 107
64 414
874 68
1012 260
893 131
264 377
640 218
225 382
834 169
49 223
982 519
794 454
146 520
1113 20
423 476
18 348
314 197
638 24
335 307
1155 495
24 268
738 258
552 278
1170 111
923 402
78 241
1171 31
1016 371
535 373
522 498
561 68
203 226
1088 540
988 265
840 345
1128 283
769 314
1186 67
459 341
935 460
1155 418
1036 579
341 533
490 304
337 424
812 545
698 279
1136 241
308 271
33 533
213 546
1184 63
1130 347
626 373
688 533
136 170
1165 195
915 442
957 135
260 288
319 271
269 105
840 422
876 517
1161 418
1128 571
668 276
865 472
137 553
111 228
629 432
1172 466
103 218
522 141
1169 149
320 158
995 110
729 139
766 361
955 16
1176 103
393 236
776 136
406 450
737 313
892 196
1032 503
1108 218
59 455
728 388
1039 122
571 554
152 493
214 343
376 172
27 197
512 427
292 34
783 191
465 599
354 113
261 588
864 165
540 350
176 94
624 211
91 21
76 536
573 100
995 518
182 375
191 502
467 268
83 436
721 454
750 257
377 147
180 412
1167 402
200 448
480 296
57 508
499 515
87 286
637 84
161 88
12 410
321 4
328 233
789 116
635 574
171 354
323 462
1115 331
